// @ts-check

/**
 * SigUI core color space module for matrices.
 * @module
 */
export const SRGB_TO_XYZ = [
  [0.4123907992659595, 0.357584339383878, 0.1804807884018343],
  [0.21263900587151027, 0.715168678767756, 0.07219231536073371],
  [0.01933081871559182, 0.11919477979462598, 0.9505321522496607]
];
export const XYZ_TO_SRGB = [
  [3.2409699419045226, -1.537383177570094, -0.4986107602930034],
  [-0.9692436362808796, 1.8759675015077202, 0.04155505740717559],
  [0.05563007969699366, -0.20397696064091525, 1.0569715142428786]
];
export const P3_TO_XYZ = [
  [0.4865709486482162, 0.26566769316909306, 0.1982172852343625],
  [0.2289745640697488, 0.6917385218365064, 0.079286914093745],
  [0, 0.04511338185890264, 1.043944368900976]
];
export const XYZ_TO_P3 = [
  [2.493496911941425, -0.9313836179191239, -0.40271078445071684],
  [-0.8294889695615747, 1.7626640603183463, 0.023624685841943577],
  [0.03584583024378447, -0.07617238926804182, 0.9568845240076872]
];
export const SRGB_TO_LMS = [
  [0.4122214708, 0.5363325363, 0.0514459929],
  [0.2119034982, 0.6806995451, 0.1073969566],
  [0.0883024619, 0.2817188376, 0.6299787005]
];
export const LMS_TO_SRGB = [
  [4.0767416621, -3.3077115913, 0.2309699292],
  [-1.2684380046, 2.6097574011, -0.3413193965],
  [-0.0041960863, -0.7034186147, 1.707614701]
];
export const LMS3_TO_OKLAB = [
  [0.2104542553, 0.793617785, -0.0040720468],
  [1.9779984951, -2.428592205, 0.4505937099],
  [0.0259040371, 0.7827717662, -0.808675766]
];
export const OKLAB_TO_LMS3 = [
  [1, 0.3963377774, 0.2158037573],
  [1, -0.1055613458, -0.0638541728],
  [1, -0.0894841775, -1.291485548]
];
